1990.700447998
6413.4037610626
19537.922169189
18251.042295532
20655.731578979
20052.133490295
21395.774404602
23517.267501984
21720.241919136
16583.468822174
20582.752148743
22345.984540253
24553.924280243
21549.037802734
26287.220217285
20144.558195877
23952.952662354
27330.642113647
27821.032189331
27448.852272949
23732.555166626
29067.084871216
29741.001131592
37475.99340992
36934.630536118
34912.227924194
35217.626975098
33759.562727051
39159.936929932
36185.095739136
36286.992757683
40852.663427734
35286.328631592
37094.115105209
35997.580922241
36699.42425293
37391.034767456
34900.790298462
39887.361513062
40392.087964478
32704.139372559
36945.020636368
34003.546782227
42800.941300659
32038.387467957
29973.714129791
28299.260003052
34356.294984436
33753.53612854
36649.536359863
40511.655150909
38520.100804443
39849.859159546
37149.27926918
40120.453084717
35137.160348511
31682.273414154
35288.598663635
33257.292579956
32963.869266052
33408.032177887
36340.188197327
39112.264857178
39478.460914917
36733.245820999
33457.714611816
36264.965948906
31708.527830353
35458.613115234
32974.363213959
35948.42982296
37616.639135132
35192.231704712
32911.956274681
44352.971973877
36583.372792091
35145.837788239
45707.940879822
39212.089552917
39379.884030762
43556.698891449
43076.339241943
43889.529147949
47331.690775146
40879.61743103
45690.780739441
42868.036783981
43284.935111237
39301.303531647
43540.724273987
44177.370115967
42327.111382904
42627.021448975
42762.790748138
41367.752362061
48459.286207886
43455.286923218
41174.336431885
38651.777077332
41345.250904541
