2870.3417205811
1109.8442207336
1801.6262611389
2114.0074623108
1491.5486854553
1089.2613861084
2572.3504379272
1323.3878616333
1508.2772766113
1030.9942989349
996.36524810791
2534.0548706055
3896.634753418
4799.2599349976
5672.4827201843
4769.1454589844
1602.7394935608
1621.3991516113
996.90524749756
1521.1588485718
2511.5103515625
3088.4359588623
4554.4093200684
5460.1672241211
3403.0925811768
2705.9805603027
3513.2650032043
2624.5705108643
3837.0523864746
3504.6482788086
5420.4190704346
5014.7839233398
5765.4080947876
7078.4688476562
3181.6032104492
2794.4251098633
4259.4778381348
3334.1144393921
3432.9767372131
5989.0246917725
4553.4786865234
5839.9669616699
3013.8966125488
3489.2304092407
3156.0774932861
3427.772706604
1992.8812316895
3802.5349853516
11968.879241943
5614.0589984894
