2057.2119140625
2105.2326507568
2105.2326507568
2105.2326507568
2105.2326507568
2105.2326507568
2105.2326507568
2105.2326507568
2308.7602539062
3500.4409179688
3500.4409179688
3500.4409179688
3500.4409179688
3500.4409179688
3500.4409179688
6459.3235931396
6459.3235931396
6459.3235931396
6459.3235931396
6459.3235931396
6459.3235931396
6459.3235931396
8482.91015625
8482.91015625
8482.91015625
8482.91015625
8482.91015625
8482.91015625
8482.91015625
8482.91015625
8482.91015625
8482.91015625
8482.91015625
8482.91015625
8482.91015625
8482.91015625
8482.91015625
8482.91015625
8482.91015625
8482.91015625
8482.91015625
8482.91015625
8482.91015625
8482.91015625
8482.91015625
8482.91015625
8482.91015625
8482.91015625
8482.91015625
8482.91015625
8482.91015625
8482.91015625
8482.91015625
8482.91015625
8482.91015625
8482.91015625
8482.91015625
8482.91015625
8482.91015625
8482.91015625
8482.91015625
8482.91015625
13879.866210938
13879.866210938
13879.866210938
13879.866210938
13879.866210938
13879.866210938
13879.866210938
13879.866210938
13879.866210938
13879.866210938
13879.866210938
13879.866210938
13879.866210938
13879.866210938
13879.866210938
13879.866210938
13879.866210938
13879.866210938
13879.866210938
13879.866210938
13879.866210938
13879.866210938
13879.866210938
13879.866210938
13879.866210938
13879.866210938
13879.866210938
13879.866210938
13879.866210938
13879.866210938
13879.866210938
13879.866210938
13879.866210938
13879.866210938
13879.866210938
13879.866210938
13879.866210938
13879.866210938
13879.866210938
13879.866210938
13879.866210938
13879.866210938
13879.866210938
13879.866210938
13879.866210938
13879.866210938
13879.866210938
13879.866210938
13952.857421875
13952.857421875
13952.857421875
13952.857421875
13952.857421875
13952.857421875
13952.857421875
13952.857421875
13952.857421875
13952.857421875
13952.857421875
13952.857421875
13952.857421875
13952.857421875
13952.857421875
14396.685546875
14396.685546875
14396.685546875
14396.685546875
14396.685546875
14396.685546875
14396.685546875
14396.685546875
14396.685546875
14396.685546875
14396.685546875
14396.685546875
14396.685546875
14396.685546875
14396.685546875
14396.685546875
14396.685546875
14396.685546875
14396.685546875
14396.685546875
14396.685546875
14396.685546875
14396.685546875
14396.685546875
14396.685546875
14396.685546875
14396.685546875
14396.685546875
14396.685546875
14396.685546875
14396.685546875
14396.685546875
14396.685546875
14396.685546875
14396.685546875
14396.685546875
14396.685546875
14396.685546875
14396.685546875
14396.685546875
14396.685546875
14396.685546875
14396.685546875
14396.685546875
14396.685546875
14396.685546875
14396.685546875
14396.685546875
14396.685546875
14396.685546875
14396.685546875
14396.685546875
14396.685546875
14396.685546875
14396.685546875
14396.685546875
14396.685546875
14396.685546875
14396.685546875
14396.685546875
14396.685546875
14396.685546875
14396.685546875
14396.685546875
14396.685546875
14396.685546875
14396.685546875
14396.685546875
14396.685546875
14396.685546875
14396.685546875
14396.685546875
14396.685546875
14396.685546875
14396.685546875
14396.685546875
14396.685546875
14396.685546875
14396.685546875
14396.685546875
14396.685546875
14396.685546875
14396.685546875
14396.685546875
14396.685546875
14396.685546875
14396.685546875
14396.685546875
14396.685546875
14396.685546875
14396.685546875
14396.685546875
14396.685546875
14396.685546875
14396.685546875
14396.685546875
14396.685546875
14396.685546875
14396.685546875
14396.685546875
14396.685546875
14396.685546875
14396.685546875
14396.685546875
14396.685546875
14396.685546875
14396.685546875
14396.685546875
14396.685546875
14396.685546875
14396.685546875
14396.685546875
14396.685546875
14396.685546875
14396.685546875
14396.685546875
14396.685546875
14396.685546875
14396.685546875
14396.685546875
14396.685546875
14396.685546875
14396.685546875
14396.685546875
14396.685546875
14396.685546875
14396.685546875
14396.685546875
14396.685546875
14396.685546875
14396.685546875
14396.685546875
14396.685546875
14396.685546875
14396.685546875
14396.685546875
14396.685546875
14396.685546875
14396.685546875
14396.685546875
14396.685546875
14396.685546875
14396.685546875
14396.685546875
14396.685546875
14396.685546875
14396.685546875
14396.685546875
14396.685546875
14396.685546875
14396.685546875
14396.685546875
14396.685546875
14396.685546875
14396.685546875
14396.685546875
14396.685546875
14396.685546875
14396.685546875
14396.685546875
14396.685546875
14396.685546875
14396.685546875
14396.685546875
14396.685546875
14396.685546875
14396.685546875
14396.685546875
14396.685546875
14396.685546875
14396.685546875
14396.685546875
14396.685546875
14396.685546875
14396.685546875
14396.685546875
14396.685546875
14396.685546875
14396.685546875
14396.685546875
14396.685546875
14396.685546875
14396.685546875
14396.685546875
14396.685546875
14396.685546875
14396.685546875
14396.685546875
14396.685546875
14396.685546875
14396.685546875
14396.685546875
14396.685546875
14396.685546875
14396.685546875
14396.685546875
14396.685546875
14396.685546875
14396.685546875
14396.685546875
14396.685546875
14396.685546875
14396.685546875
14396.685546875
14396.685546875
14396.685546875
14396.685546875
14396.685546875
14396.685546875
14396.685546875
14396.685546875
14396.685546875
14396.685546875
14396.685546875
14396.685546875
14396.685546875
14396.685546875
14396.685546875
14396.685546875
14396.685546875
14396.685546875
14396.685546875
14396.685546875
14396.685546875
14396.685546875
14396.685546875
14396.685546875
14396.685546875
14396.685546875
14396.685546875
14396.685546875
14396.685546875
14396.685546875
14396.685546875
14396.685546875
14396.685546875
14396.685546875
14396.685546875
14396.685546875
14396.685546875
14396.685546875
14396.685546875
14396.685546875
14396.685546875
14396.685546875
14396.685546875
14396.685546875
14396.685546875
14396.685546875
14396.685546875
14396.685546875
14396.685546875
14396.685546875
14396.685546875
14396.685546875
14396.685546875
14396.685546875
14396.685546875
14396.685546875
14396.685546875
14396.685546875
14396.685546875
14396.685546875
14396.685546875
14396.685546875
14396.685546875
14396.685546875
14396.685546875
14396.685546875
14396.685546875
14396.685546875
14396.685546875
14396.685546875
14396.685546875
14396.685546875
14396.685546875
14396.685546875
14396.685546875
14396.685546875
14396.685546875
14396.685546875
14396.685546875
14396.685546875
14396.685546875
14396.685546875
14396.685546875
14396.685546875
14396.685546875
14396.685546875
14396.685546875
14396.685546875
14396.685546875
14396.685546875
14396.685546875
14396.685546875
14396.685546875
15332.472900391
15332.472900391
15332.472900391
15332.472900391
15332.472900391
15332.472900391
15332.472900391
15332.472900391
15332.472900391
15332.472900391
15332.472900391
15332.472900391
15332.472900391
15332.472900391
15332.472900391
15332.472900391
15332.472900391
15332.472900391
15332.472900391
15332.472900391
15332.472900391
15332.472900391
15332.472900391
15332.472900391
15332.472900391
15332.472900391
15332.472900391
15332.472900391
15332.472900391
15332.472900391
15332.472900391
15332.472900391
15332.472900391
15332.472900391
15332.472900391
15332.472900391
15332.472900391
15332.472900391
15332.472900391
15332.472900391
15332.472900391
15332.472900391
15332.472900391
15332.472900391
15332.472900391
15332.472900391
15332.472900391
15332.472900391
15332.472900391
15332.472900391
15332.472900391
15332.472900391
15332.472900391
17993.431640625
17993.431640625
17993.431640625
17993.431640625
17993.431640625
17993.431640625
17993.431640625
17993.431640625
17993.431640625
17993.431640625
17993.431640625
17993.431640625
17993.431640625
17993.431640625
17993.431640625
17993.431640625
17993.431640625
17993.431640625
17993.431640625
17993.431640625
17993.431640625
17993.431640625
17993.431640625
17993.431640625
17993.431640625
17993.431640625
21130.698760986
