974.64562988281
974.64562988281
974.64562988281
974.64562988281
974.64562988281
974.64562988281
974.64562988281
974.64562988281
1576.7193603516
1576.7193603516
1576.7193603516
1576.7193603516
1576.7193603516
1576.7193603516
1576.7193603516
2867.9895019531
2867.9895019531
2867.9895019531
2867.9895019531
2867.9895019531
2867.9895019531
2867.9895019531
2867.9895019531
2867.9895019531
2867.9895019531
2867.9895019531
2867.9895019531
2867.9895019531
2867.9895019531
2867.9895019531
2867.9895019531
2867.9895019531
2867.9895019531
2867.9895019531
2867.9895019531
2867.9895019531
2867.9895019531
2867.9895019531
3435.3649902344
14433.49609375
14496.485351562
14496.485351562
15057.334960938
15057.334960938
15057.334960938
15057.334960938
15057.334960938
15057.334960938
15057.334960938
15057.334960938
15057.334960938
15496.949386597
15496.949386597
15496.949386597
15496.949386597
15496.949386597
15496.949386597
15496.949386597
15496.949386597
15496.949386597
15496.949386597
15496.949386597
16028.688476562
16028.688476562
16028.688476562
16028.688476562
16028.688476562
16028.688476562
30513.187011719
30513.187011719
30513.187011719
32902.466064453
32902.466064453
32902.466064453
32902.466064453
32902.466064453
32902.466064453
32902.466064453
32902.466064453
32902.466064453
32902.466064453
32902.466064453
32902.466064453
32902.466064453
32902.466064453
32902.466064453
32902.466064453
32902.466064453
32902.466064453
32902.466064453
32902.466064453
32902.466064453
32902.466064453
32902.466064453
32902.466064453
32902.466064453
32902.466064453
32902.466064453
32902.466064453
32902.466064453
32902.466064453
32902.466064453
32902.466064453
32902.466064453
32902.466064453
32902.466064453
32902.466064453
32902.466064453
32902.466064453
32902.466064453
32902.466064453
32902.466064453
32902.466064453
32902.466064453
32902.466064453
32902.466064453
32902.466064453
32902.466064453
32902.466064453
32902.466064453
32902.466064453
32902.466064453
32902.466064453
32902.466064453
32902.466064453
32902.466064453
32902.466064453
32902.466064453
32902.466064453
32902.466064453
32902.466064453
32902.466064453
32902.466064453
32902.466064453
32902.466064453
32902.466064453
32902.466064453
32902.466064453
32902.466064453
32902.466064453
32902.466064453
32902.466064453
32902.466064453
32902.466064453
32902.466064453
32902.466064453
32902.466064453
32902.466064453
32902.466064453
32902.466064453
32902.466064453
32902.466064453
32902.466064453
43145.08984375
43145.08984375
43145.08984375
43145.08984375
43145.08984375
43145.08984375
43145.08984375
43145.08984375
43145.08984375
43145.08984375
43145.08984375
43145.08984375
43145.08984375
43145.08984375
43145.08984375
43145.08984375
43145.08984375
43145.08984375
43145.08984375
43145.08984375
43145.08984375
43145.08984375
43145.08984375
43145.08984375
43145.08984375
43145.08984375
43145.08984375
43145.08984375
43145.08984375
43145.08984375
43145.08984375
43145.08984375
43145.08984375
43145.08984375
43145.08984375
43145.08984375
43145.08984375
43145.08984375
43145.08984375
43145.08984375
43145.08984375
43145.08984375
43145.08984375
43145.08984375
43145.08984375
43145.08984375
43145.08984375
43145.08984375
43145.08984375
43145.08984375
43145.08984375
43145.08984375
43145.08984375
43145.08984375
43145.08984375
43145.08984375
43145.08984375
43145.08984375
43145.08984375
43145.08984375
43145.08984375
43145.08984375
43145.08984375
43145.08984375
56547.009765625
56547.009765625
56547.009765625
56547.009765625
56547.009765625
56547.009765625
56547.009765625
56547.009765625
56547.009765625
56547.009765625
56547.009765625
91684.53515625
91684.53515625
95165.9140625
95165.9140625
95165.9140625
100365.3984375
100365.3984375
100365.3984375
100365.3984375
100365.3984375
100365.3984375
100365.3984375
100365.3984375
100365.3984375
100365.3984375
100365.3984375
100365.3984375
102507.25585938
102507.25585938
102507.25585938
102507.25585938
102507.25585938
102507.25585938
102507.25585938
102507.25585938
102507.25585938
102507.25585938
102507.25585938
102507.25585938
102507.25585938
102507.25585938
102507.25585938
102507.25585938
102507.25585938
102507.25585938
102507.25585938
102507.25585938
102507.25585938
102507.25585938
102507.25585938
102507.25585938
102507.25585938
102507.25585938
102507.25585938
102507.25585938
102507.25585938
102507.25585938
102507.25585938
102507.25585938
102507.25585938
102507.25585938
102507.25585938
102507.25585938
102507.25585938
102507.25585938
102507.25585938
102507.25585938
102507.25585938
102507.25585938
102507.25585938
102507.25585938
102507.25585938
102507.25585938
102507.25585938
102507.25585938
102507.25585938
102507.25585938
102507.25585938
102507.25585938
102507.25585938
102507.25585938
102507.25585938
102507.25585938
102507.25585938
102507.25585938
102507.25585938
102507.25585938
102507.25585938
102507.25585938
102507.25585938
102507.25585938
102507.25585938
102507.25585938
102507.25585938
102507.25585938
102507.25585938
102507.25585938
102507.25585938
102507.25585938
102507.25585938
102507.25585938
102507.25585938
102507.25585938
102507.25585938
102507.25585938
102507.25585938
102507.25585938
102507.25585938
102507.25585938
102507.25585938
102507.25585938
102507.25585938
102507.25585938
102507.25585938
102507.25585938
102507.25585938
102507.25585938
102507.25585938
102507.25585938
102507.25585938
102507.25585938
102507.25585938
102507.25585938
102507.25585938
102507.25585938
102507.25585938
102507.25585938
102507.25585938
102507.25585938
102507.25585938
102507.25585938
102507.25585938
102507.25585938
102507.25585938
102507.25585938
102507.25585938
102507.25585938
102507.25585938
102507.25585938
102507.25585938
102507.25585938
102507.25585938
102507.25585938
102507.25585938
102507.25585938
102507.25585938
102507.25585938
102507.25585938
102507.25585938
102507.25585938
102507.25585938
102507.25585938
102507.25585938
102507.25585938
102507.25585938
102507.25585938
102507.25585938
102507.25585938
102507.25585938
102507.25585938
102507.25585938
102507.25585938
102507.25585938
102507.25585938
102507.25585938
102507.25585938
102507.25585938
102507.25585938
102507.25585938
102507.25585938
102507.25585938
102507.25585938
102507.25585938
102507.25585938
102507.25585938
102507.25585938
102507.25585938
102507.25585938
102507.25585938
102507.25585938
102507.25585938
102507.25585938
102507.25585938
102507.25585938
102507.25585938
102507.25585938
102507.25585938
102507.25585938
102507.25585938
102507.25585938
102507.25585938
102507.25585938
102507.25585938
102507.25585938
102507.25585938
102507.25585938
102507.25585938
102507.25585938
102507.25585938
102507.25585938
113317.78515625
113317.78515625
113317.78515625
113317.78515625
113317.78515625
113317.78515625
113317.78515625
113317.78515625
113317.78515625
113317.78515625
113317.78515625
113317.78515625
113317.78515625
113317.78515625
113317.78515625
113317.78515625
113317.78515625
113317.78515625
113317.78515625
113317.78515625
113317.78515625
113317.78515625
113317.78515625
113317.78515625
113317.78515625
113317.78515625
113317.78515625
113317.78515625
113317.78515625
113317.78515625
113317.78515625
113317.78515625
113317.78515625
113317.78515625
113317.78515625
113317.78515625
113317.78515625
113317.78515625
113317.78515625
113317.78515625
113317.78515625
113317.78515625
113317.78515625
113317.78515625
113317.78515625
113317.78515625
113317.78515625
113317.78515625
113317.78515625
113317.78515625
113317.78515625
113317.78515625
113317.78515625
113317.78515625
113317.78515625
113317.78515625
113317.78515625
113317.78515625
113317.78515625
113317.78515625
113317.78515625
113317.78515625
113317.78515625
113317.78515625
113317.78515625
113317.78515625
113317.78515625
113317.78515625
113317.78515625
113317.78515625
113317.78515625
113317.78515625
113317.78515625
113317.78515625
113317.78515625
113317.78515625
113317.78515625
113317.78515625
113317.78515625
113317.78515625
113317.78515625
113317.78515625
113317.78515625
