-1935.712890625
-1935.712890625
-413.15075683594
0
0
701.83428955078
701.83428955078
701.83428955078
701.83428955078
1743.2653808594
1743.2653808594
1743.2653808594
1743.2653808594
1743.2653808594
1743.2653808594
1743.2653808594
1743.2653808594
1743.2653808594
1766.0068359375
1766.0068359375
1766.0068359375
1766.0068359375
3956.26953125
3956.26953125
3956.26953125
3956.26953125
3956.26953125
3956.26953125
3956.26953125
3956.26953125
3956.26953125
3956.26953125
3956.26953125
3956.26953125
3956.26953125
3956.26953125
3956.26953125
3956.26953125
3956.26953125
3956.26953125
3956.26953125
3956.26953125
3956.26953125
3956.26953125
3956.26953125
3956.26953125
3956.26953125
5956.2696533203
5956.2696533203
5956.2696533203
5956.2696533203
5956.2696533203
5956.2696533203
5956.2696533203
5956.2696533203
5956.2696533203
5956.2696533203
5956.2696533203
5956.2696533203
5956.2696533203
10023.267272949
10023.267272949
10023.267272949
10023.267272949
20143.986328125
20143.986328125
20143.986328125
20143.986328125
20143.986328125
20143.986328125
20143.986328125
20143.986328125
20143.986328125
20143.986328125
20143.986328125
20143.986328125
20143.986328125
20143.986328125
20143.986328125
20143.986328125
20143.986328125
20143.986328125
20143.986328125
20143.986328125
20143.986328125
20143.986328125
20143.986328125
20143.986328125
20143.986328125
20143.986328125
20143.986328125
20143.986328125
20143.986328125
20143.986328125
20143.986328125
20143.986328125
20143.986328125
20143.986328125
20143.986328125
20143.986328125
20143.986328125
20143.986328125
20143.986328125
25952.255859375
25952.255859375
25952.255859375
25952.255859375
25952.255859375
25952.255859375
25952.255859375
25952.255859375
25952.255859375
25952.255859375
25952.255859375
25952.255859375
25952.255859375
25952.255859375
25952.255859375
25952.255859375
25952.255859375
25952.255859375
25952.255859375
25952.255859375
25952.255859375
25952.255859375
25952.255859375
25952.255859375
25952.255859375
25952.255859375
25952.255859375
25952.255859375
25952.255859375
25952.255859375
25952.255859375
25952.255859375
25952.255859375
25952.255859375
25952.255859375
25952.255859375
26492.259765625
26492.259765625
26492.259765625
26492.259765625
26492.259765625
26492.259765625
26492.259765625
26492.259765625
26492.259765625
26492.259765625
26492.259765625
26492.259765625
26492.259765625
26492.259765625
26492.259765625
26492.259765625
26492.259765625
26492.259765625
26492.259765625
26492.259765625
26492.259765625
26492.259765625
26492.259765625
26492.259765625
26492.259765625
26492.259765625
26492.259765625
26492.259765625
26492.259765625
26492.259765625
26492.259765625
26492.259765625
26492.259765625
26492.259765625
26492.259765625
26492.259765625
26492.259765625
26492.259765625
26492.259765625
26492.259765625
26492.259765625
26492.259765625
26492.259765625
26492.259765625
26492.259765625
26492.259765625
26492.259765625
26492.259765625
26492.259765625
26492.259765625
26492.259765625
26492.259765625
26492.259765625
26492.259765625
26492.259765625
26492.259765625
26492.259765625
26492.259765625
26492.259765625
26492.259765625
26492.259765625
26492.259765625
26492.259765625
26492.259765625
26492.259765625
26492.259765625
26492.259765625
26492.259765625
26492.259765625
26492.259765625
26492.259765625
26492.259765625
26492.259765625
26492.259765625
26492.259765625
26492.259765625
26492.259765625
26492.259765625
26492.259765625
26492.259765625
26492.259765625
26492.259765625
26492.259765625
26492.259765625
26492.259765625
26492.259765625
26492.259765625
26492.259765625
26492.259765625
26492.259765625
26492.259765625
26492.259765625
26492.259765625
26492.259765625
26492.259765625
26492.259765625
26492.259765625
26492.259765625
26492.259765625
26492.259765625
26492.259765625
26492.259765625
26492.259765625
26492.259765625
26492.259765625
26492.259765625
26492.259765625
26492.259765625
26492.259765625
26492.259765625
26492.259765625
26492.259765625
26492.259765625
26492.259765625
26492.259765625
26492.259765625
26492.259765625
26492.259765625
26492.259765625
26492.259765625
26492.259765625
26492.259765625
26492.259765625
26492.259765625
26492.259765625
26492.259765625
26492.259765625
26492.259765625
26492.259765625
26492.259765625
26492.259765625
26492.259765625
26492.259765625
26492.259765625
26492.259765625
26492.259765625
26492.259765625
26492.259765625
26492.259765625
26492.259765625
26492.259765625
26492.259765625
26492.259765625
26492.259765625
26492.259765625
26492.259765625
26492.259765625
26492.259765625
26492.259765625
26492.259765625
26492.259765625
26492.259765625
26492.259765625
26492.259765625
26492.259765625
26492.259765625
26492.259765625
26492.259765625
26492.259765625
26492.259765625
26492.259765625
26492.259765625
26492.259765625
26492.259765625
26492.259765625
26492.259765625
26492.259765625
26492.259765625
26492.259765625
26492.259765625
26492.259765625
26492.259765625
26492.259765625
26492.259765625
26492.259765625
26492.259765625
26492.259765625
26492.259765625
26492.259765625
26492.259765625
26492.259765625
26492.259765625
26492.259765625
26492.259765625
26492.259765625
26492.259765625
26492.259765625
26492.259765625
26492.259765625
26492.259765625
30260.21875
30260.21875
30260.21875
30260.21875
30260.21875
30260.21875
30260.21875
30260.21875
30260.21875
30260.21875
30260.21875
30260.21875
30260.21875
30260.21875
30260.21875
30260.21875
30260.21875
30260.21875
30260.21875
30260.21875
30260.21875
30260.21875
30260.21875
30260.21875
30260.21875
30260.21875
30260.21875
30260.21875
30260.21875
30260.21875
30260.21875
30260.21875
30260.21875
30260.21875
30260.21875
30260.21875
30260.21875
30260.21875
30260.21875
30260.21875
30260.21875
30260.21875
30260.21875
30260.21875
30260.21875
30260.21875
30260.21875
30260.21875
30260.21875
30260.21875
30260.21875
30260.21875
30260.21875
30260.21875
30260.21875
30260.21875
30260.21875
30260.21875
30260.21875
30260.21875
30260.21875
30260.21875
30260.21875
30260.21875
30260.21875
30260.21875
30260.21875
30260.21875
32912.505859375
32912.505859375
32912.505859375
32912.505859375
32912.505859375
32912.505859375
32912.505859375
32912.505859375
32912.505859375
32912.505859375
32912.505859375
32912.505859375
32912.505859375
32912.505859375
32912.505859375
32912.505859375
32912.505859375
32912.505859375
32912.505859375
32912.505859375
32912.505859375
32912.505859375
32912.505859375
32912.505859375
32912.505859375
32912.505859375
32912.505859375
32912.505859375
32912.505859375
32912.505859375
32912.505859375
32912.505859375
32912.505859375
32912.505859375
32912.505859375
32912.505859375
32912.505859375
32912.505859375
32912.505859375
32912.505859375
32912.505859375
32912.505859375
32912.505859375
32912.505859375
32912.505859375
32912.505859375
32912.505859375
32912.505859375
32912.505859375
32912.505859375
32912.505859375
32912.505859375
32912.505859375
32912.505859375
32912.505859375
32912.505859375
32912.505859375
32912.505859375
32912.505859375
32912.505859375
32912.505859375
32912.505859375
32912.505859375
32912.505859375
32912.505859375
32912.505859375
32912.505859375
32912.505859375
32912.505859375
32912.505859375
32912.505859375
32912.505859375
32912.505859375
32912.505859375
32912.505859375
32912.505859375
32912.505859375
32912.505859375
32912.505859375
32912.505859375
32912.505859375
32912.505859375
32912.505859375
32912.505859375
32912.505859375
32912.505859375
32912.505859375
32912.505859375
32912.505859375
32912.505859375
32912.505859375
32912.505859375
32912.505859375
32912.505859375
32912.505859375
32912.505859375
32912.505859375
32912.505859375
32912.505859375
32912.505859375
32912.505859375
32912.505859375
32912.505859375
32912.505859375
