1918.5280761719
1918.5280761719
1918.5280761719
1918.5280761719
1918.5280761719
1918.5280761719
1918.5280761719
1918.5280761719
1918.5280761719
1918.5280761719
10622.453125
10622.453125
10622.453125
10622.453125
10622.453125
10622.453125
10622.453125
10622.453125
10622.453125
10622.453125
10622.453125
10622.453125
10622.453125
10622.453125
10622.453125
10622.453125
10622.453125
10622.453125
10622.453125
10622.453125
10622.453125
10622.453125
10622.453125
10622.453125
19794.787109375
19794.787109375
19794.787109375
19794.787109375
19794.787109375
19794.787109375
19794.787109375
20209.5078125
25209.5078125
25209.5078125
25209.5078125
25209.5078125
25209.5078125
25209.5078125
25209.5078125
25209.5078125
25209.5078125
25209.5078125
25209.5078125
25209.5078125
25209.5078125
25209.5078125
25209.5078125
25209.5078125
25209.5078125
25209.5078125
25209.5078125
25209.5078125
25209.5078125
25209.5078125
25209.5078125
25209.5078125
25209.5078125
25209.5078125
25209.5078125
25209.5078125
25209.5078125
25209.5078125
25209.5078125
25209.5078125
25209.5078125
25209.5078125
25209.5078125
25209.5078125
25209.5078125
25209.5078125
25209.5078125
25209.5078125
25209.5078125
25209.5078125
25209.5078125
25209.5078125
25209.5078125
25209.5078125
25209.5078125
25209.5078125
25209.5078125
25209.5078125
25209.5078125
25209.5078125
25209.5078125
25209.5078125
25209.5078125
34359.192382812
34359.192382812
34359.192382812
34359.192382812
34359.192382812
34359.192382812
34359.192382812
34359.192382812
34359.192382812
34359.192382812
36433.39453125
36433.39453125
36433.39453125
36433.39453125
36433.39453125
36433.39453125
36433.39453125
36433.39453125
36433.39453125
36433.39453125
36433.39453125
36433.39453125
36433.39453125
36433.39453125
36433.39453125
36433.39453125
36433.39453125
36433.39453125
36433.39453125
36433.39453125
36433.39453125
36433.39453125
36433.39453125
36433.39453125
36433.39453125
36433.39453125
36433.39453125
36433.39453125
36433.39453125
36433.39453125
36433.39453125
36433.39453125
36433.39453125
36433.39453125
36433.39453125
36433.39453125
36433.39453125
36433.39453125
36433.39453125
36433.39453125
36433.39453125
36433.39453125
36433.39453125
36433.39453125
36433.39453125
36433.39453125
36433.39453125
36433.39453125
36433.39453125
36433.39453125
36433.39453125
36433.39453125
36433.39453125
36433.39453125
36433.39453125
36433.39453125
36433.39453125
36433.39453125
36433.39453125
36433.39453125
36433.39453125
36433.39453125
36433.39453125
36433.39453125
36433.39453125
36433.39453125
36433.39453125
36433.39453125
36433.39453125
36433.39453125
36433.39453125
36433.39453125
36433.39453125
36433.39453125
36433.39453125
36433.39453125
36433.39453125
36433.39453125
36433.39453125
36433.39453125
36433.39453125
36433.39453125
36433.39453125
38491.090820312
38491.090820312
38491.090820312
38491.090820312
38491.090820312
38491.090820312
38491.090820312
38491.090820312
38491.090820312
38491.090820312
38491.090820312
38491.090820312
38491.090820312
38491.090820312
38491.090820312
38491.090820312
38491.090820312
38491.090820312
38491.090820312
41307.759765625
41307.759765625
41307.759765625
41307.759765625
41307.759765625
41307.759765625
41307.759765625
41307.759765625
41307.759765625
41307.759765625
41307.759765625
41307.759765625
41307.759765625
41307.759765625
41307.759765625
41307.759765625
41307.759765625
52150.859375
52150.859375
52150.859375
52150.859375
52150.859375
52150.859375
52150.859375
52150.859375
52150.859375
52150.859375
52150.859375
52150.859375
52150.859375
52150.859375
52150.859375
52150.859375
52150.859375
52898.107421875
52898.107421875
52898.107421875
52898.107421875
52898.107421875
52898.107421875
52898.107421875
52898.107421875
52898.107421875
52898.107421875
52898.107421875
52898.107421875
52898.107421875
52898.107421875
52898.107421875
52898.107421875
52898.107421875
52898.107421875
52898.107421875
52898.107421875
52898.107421875
52898.107421875
52898.107421875
54316.595703125
54316.595703125
54316.595703125
54316.595703125
54316.595703125
54316.595703125
54316.595703125
54316.595703125
54316.595703125
54316.595703125
54316.595703125
54316.595703125
54316.595703125
54316.595703125
54316.595703125
54316.595703125
54316.595703125
54316.595703125
54316.595703125
54316.595703125
54316.595703125
54316.595703125
54316.595703125
54316.595703125
54316.595703125
54316.595703125
54316.595703125
54316.595703125
54316.595703125
54316.595703125
54316.595703125
54316.595703125
54316.595703125
54316.595703125
54316.595703125
54316.595703125
56440.060546875
56440.060546875
56440.060546875
56440.060546875
56440.060546875
56440.060546875
56440.060546875
56440.060546875
56440.060546875
56440.060546875
56440.060546875
56440.060546875
56440.060546875
56440.060546875
56440.060546875
56440.060546875
56440.060546875
56440.060546875
60633.083984375
60633.083984375
60633.083984375
60633.083984375
60633.083984375
60633.083984375
60633.083984375
60633.083984375
60633.083984375
60633.083984375
60633.083984375
60633.083984375
60633.083984375
60633.083984375
60633.083984375
60633.083984375
60633.083984375
60633.083984375
60633.083984375
60633.083984375
60633.083984375
60633.083984375
60633.083984375
60633.083984375
60633.083984375
60633.083984375
60633.083984375
60633.083984375
60633.083984375
60633.083984375
60633.083984375
60633.083984375
60633.083984375
60633.083984375
60633.083984375
60633.083984375
60633.083984375
60633.083984375
60633.083984375
60633.083984375
60633.083984375
60633.083984375
60633.083984375
60633.083984375
60633.083984375
60633.083984375
60633.083984375
60633.083984375
60633.083984375
60633.083984375
60633.083984375
60633.083984375
60633.083984375
60633.083984375
60633.083984375
60633.083984375
60633.083984375
60633.083984375
60633.083984375
60633.083984375
60633.083984375
60633.083984375
60633.083984375
60633.083984375
60633.083984375
60633.083984375
60633.083984375
60633.083984375
60633.083984375
60633.083984375
60633.083984375
60633.083984375
60633.083984375
60633.083984375
60633.083984375
60633.083984375
60633.083984375
60633.083984375
60633.083984375
60633.083984375
60633.083984375
60633.083984375
60633.083984375
60633.083984375
60633.083984375
60633.083984375
60633.083984375
60633.083984375
60633.083984375
60633.083984375
60633.083984375
60633.083984375
60633.083984375
60633.083984375
60633.083984375
60633.083984375
60633.083984375
60633.083984375
60633.083984375
60633.083984375
60633.083984375
60633.083984375
60633.083984375
60633.083984375
60633.083984375
60633.083984375
60633.083984375
60633.083984375
60633.083984375
60633.083984375
60633.083984375
60633.083984375
60633.083984375
60633.083984375
60633.083984375
60633.083984375
60633.083984375
60633.083984375
60633.083984375
60633.083984375
60633.083984375
60633.083984375
60633.083984375
60633.083984375
60633.083984375
60633.083984375
60633.083984375
60633.083984375
60633.083984375
60633.083984375
60633.083984375
60633.083984375
60633.083984375
60633.083984375
60633.083984375
60633.083984375
60633.083984375
60633.083984375
60633.083984375
60633.083984375
60633.083984375
60633.083984375
60633.083984375
60633.083984375
60633.083984375
60633.083984375
60633.083984375
60633.083984375
60633.083984375
60633.083984375
60633.083984375
60633.083984375
60633.083984375
60633.083984375
60633.083984375
60633.083984375
60633.083984375
60633.083984375
60633.083984375
60633.083984375
60633.083984375
60633.083984375
60633.083984375
60633.083984375
60633.083984375
60633.083984375
60633.083984375
60633.083984375
60633.083984375
60633.083984375
60633.083984375
60633.083984375
60633.083984375
60633.083984375
60633.083984375
60633.083984375
60633.083984375
60633.083984375
60633.083984375
89140.216796875
89140.216796875
