21141.787109375
3082.0786132813
6001.9332275391
4657.6339111328
4657.6339111328
2866.9141845703
16633.421875
2866.9141845703
3312.8322753906
2470.943359375
2470.943359375
11372.029296875
11372.029296875
11372.029296875
11372.029296875
11372.029296875
7606.6293945313
5849.3584594727
2805.8649902344
4625.1323242188
8951.8569641113
4282.6225585938
12049.435302734
18223.728271484
8607.498046875
4921.0367736816
4921.0367736816
4921.0367736816
9573.4568481445
11858.05859375
11858.05859375
8413.3046875
8413.3046875
13937.612304688
9499.861328125
8116.68359375
6522.6866455078
7071.2757873535
7071.2757873535
10914.056030273
11081.782226563
11081.782226563
11081.782226563
18335.191802979
11081.782226563
11081.782226563
6214.8530273438
15679.1640625
32024.396484375
26282.712890625
