21141.787109375
22519.393371582
22519.393371582
26654.32119751
26654.32119751
28574.025939941
35375.569641113
28574.025939941
28574.025939941
28574.025939941
28574.025939941
32644.846374512
35440.696228027
32588.530517578
32588.530517578
32588.530517578
36389.82409668
36389.82409668
36389.82409668
37329.28704834
37329.28704834
48607.953918457
48607.953918457
48607.953918457
48607.953918457
48607.953918457
48607.953918457
50529.082962036
48607.953918457
48607.953918457
48607.953918457
48607.953918457
48607.953918457
48607.953918457
48607.953918457
48607.953918457
48607.953918457
48607.953918457
48607.953918457
48607.953918457
48607.953918457
48607.953918457
48607.953918457
48607.953918457
63589.882293701
48607.953918457
48607.953918457
50366.314025879
50366.314025879
50366.314025879
50366.314025879
50366.314025879
50366.314025879
50366.314025879
50366.314025879
50366.314025879
50366.314025879
50366.314025879
50366.314025879
50366.314025879
50366.314025879
50366.314025879
50366.314025879
50366.314025879
50366.314025879
50366.314025879
50366.314025879
50366.314025879
50366.314025879
50366.314025879
50366.314025879
50366.314025879
50608.367126465
50608.367126465
56446.657165527
57246.89666748
57246.89666748
57246.89666748
57246.89666748
60886.054382324
60886.054382324
60886.054382324
60886.054382324
60886.054382324
60886.054382324
60886.054382324
60886.054382324
60886.054382324
60886.054382324
60886.054382324
60886.054382324
66695.537109375
60886.054382324
60886.054382324
60886.054382324
60886.054382324
60886.054382324
60886.054382324
60886.054382324
60886.054382324
